0 0.96875 0.62109375 0.91796875 0.671875 0.921875 0.67578125 0.9140625 0.68359375 0.9140625 0.69140625 0.91796875 0.69140625 0.92578125 0.68359375 0.93359375 0.69140625 0.9921875 0.6328125 0.98828125 0.62890625 0.984375 0.6328125 0.98046875 0.62890625 0.98046875 0.625 0.9765625 0.625 0.97265625 0.62109375
0 0.96875 0.84765625 0.96875 0.859375 0.97265625 0.859375 0.9765625 0.86328125 0.9765625 0.8671875 0.97265625 0.87109375 0.96875 0.87109375 0.96875 0.87890625 0.97265625 0.8828125 0.97265625 0.90234375 0.9765625 0.90625 0.9765625 0.91796875 0.98046875 0.921875 0.98046875 0.9375 0.984375 0.94140625 0.99609375 0.94140625 0.99609375 0.859375 0.9921875 0.85546875 0.984375 0.85546875 0.98046875 0.8515625 0.97265625 0.8515625
0 0.9765625 0.203125 0.97265625 0.20703125 0.96875 0.20703125 0.96484375 0.2109375 0.9609375 0.2109375 0.953125 0.21875 0.94921875 0.21875 0.9453125 0.22265625 0.94140625 0.22265625 0.93359375 0.23046875 0.9296875 0.23046875 0.92578125 0.234375 0.921875 0.234375 0.9140625 0.2421875 0.91015625 0.2421875 0.90625 0.24609375 0.90234375 0.24609375 0.89453125 0.25390625 0.890625 0.25390625 0.88671875 0.2578125 0.8828125 0.2578125 0.875 0.265625 0.87109375 0.265625 0.875 0.26953125 0.87890625 0.26953125 0.8828125 0.2734375 0.88671875 0.2734375 0.890625 0.26953125 0.89453125 0.26953125 0.90234375 0.26171875 0.90625 0.26171875 0.91015625 0.2578125 0.9140625 0.2578125 0.921875 0.25 0.92578125 0.25 0.93359375 0.2421875 0.9375 0.2421875 0.9453125 0.234375 0.94921875 0.234375 0.95703125 0.2265625 0.9609375 0.2265625 0.96484375 0.22265625 0.96875 0.22265625 0.9765625 0.21484375 0.98046875 0.21484375 0.98046875 0.2109375 0.9765625 0.20703125
0 0.99609375 0.54296875 0.9921875 0.546875 0.98828125 0.546875 0.94921875 0.5859375 0.95703125 0.59375 0.95703125 0.58984375 0.9765625 0.5703125 0.98046875 0.5703125 0.99609375 0.5546875
0 0.99609375 0.51953125 0.9765625 0.5390625 0.97265625 0.5390625 0.9375 0.57421875 0.9453125 0.58203125 0.95703125 0.5703125 0.9609375 0.5703125 0.99609375 0.53515625
0 0.99609375 0.453125 0.98046875 0.46875 0.9765625 0.46875 0.9140625 0.53125 0.91015625 0.53125 0.90625 0.53515625 0.91015625 0.5390625 0.9140625 0.5390625 0.91796875 0.53515625 0.921875 0.53515625 0.99609375 0.4609375
0 0.99609375 0.46875 0.9296875 0.53515625 0.92578125 0.53515625 0.9140625 0.546875 0.91796875 0.55078125 0.921875 0.55078125 0.9375 0.53515625 0.94140625 0.53515625 0.99609375 0.48046875
0 0.99609375 0.48828125 0.94140625 0.54296875 0.9375 0.54296875 0.92578125 0.5546875 0.92578125 0.55859375 0.93359375 0.56640625 0.93359375 0.5703125 0.94140625 0.5625 0.9453125 0.5625 0.99609375 0.51171875
0 0.99609375 0.43359375 0.98828125 0.44140625 0.984375 0.44140625 0.94140625 0.484375 0.9375 0.484375 0.8984375 0.5234375 0.8984375 0.52734375 0.90234375 0.53125 0.90625 0.53125 0.96875 0.46875 0.97265625 0.46875 0.99609375 0.4453125
0 0.99609375 0.55859375 0.9609375 0.59375 0.9609375 0.59765625 0.96484375 0.6015625 0.99609375 0.5703125
